 diametro=   9.9999999999999995E-007
 factor de llenado=   5.0000000000000003E-002
 semilla=          50
